{
  "advancedEditorSelectedIdentifier" : "ProjectBrowser",
  "openSceneRelativePaths" : [
    "Scene.usda"
  ],
  "recentIdentifiers" : {
    "26DBAE76-5DD8-47B6-A085-1B4ADA111097" : [

    ]
  },
  "sceneCameraHistory" : {
    "26DBAE76-5DD8-47B6-A085-1B4ADA111097" : [
      {
        "date" : 750787230.545834,
        "title" : "Untitled",
        "transform" : [
          0.1304228,
          2.9571483e-09,
          0.9914584,
          0,
          0.46354088,
          0.88397485,
          -0.060977153,
          0,
          -0.8764243,
          0.46753445,
          0.1152905,
          0,
          -0.5076057,
          0.25360888,
          0.17854962,
          1
        ]
      },
      {
        "date" : 750787000.010551,
        "title" : "Untitled",
        "transform" : [
          0.97107667,
          -7.664641e-10,
          -0.23876764,
          0,
          -0.069472075,
          0.9567349,
          -0.28254542,
          0,
          0.22843733,
          0.29096103,
          0.92906296,
          0,
          0.06100493,
          0.12170467,
          0.35509685,
          1
        ]
      },
      {
        "date" : 750786997.611295,
        "title" : "Untitled",
        "transform" : [
          0.97107667,
          -7.664641e-10,
          -0.23876764,
          0,
          -0.069472075,
          0.9567349,
          -0.28254542,
          0,
          0.22843733,
          0.29096103,
          0.92906296,
          0,
          0.09538707,
          0.12035823,
          0.34706464,
          1
        ]
      },
      {
        "date" : 750786866.094455,
        "title" : "Untitled",
        "transform" : [
          0.99999994,
          0,
          -0,
          0,
          -0,
          0.86602557,
          -0.49999982,
          0,
          0,
          0.49999982,
          0.86602557,
          0,
          0,
          0.21209145,
          0.3675532,
          1
        ]
      }
    ]
  }
}